=== JUNGBUGD.BIN  5198829 bytes ===
magic at: [0]
last 64 bytes: 00 1c 91 00 00 18 88 00 8a 0d a2 00 a2 00 cf 00 50 00 66 00 5b 00 77 00 c5 00 ff 00 bd 00 ee 00 39 00 55 00 00 a1 f0 00 22 dc c7 00 eb 4d 00 00 ec bc cc 00 64 d9 de 00 52 96 ee 00 26 b1 a0 00
last 64 ascii: |................P.f.[.w.........9.U....."....M......d...R...&...|
u32 tail: [9509888, 8919040, 10620298, 13566114, 6684752, 7798875, 16711877, 15597757, 5570617, 15769856, 13098018, 19947, 13417708, 14604644, 15636050, 10531110]
block entropy: 7.9 7.9 7.9 7.9 7.9 7.5 6.8 6.3 6.9 6.9 6.8 6.9 4.7 5.2 6.9 6.8 5.7 5.5 5.6 5.5 5.6 5.8 5.7 5.8 5.7 5.5 5.7 5.7 5.5 5.6 5.7 5.6 5.6 6.0 7.2 7.2 7.2 7.1 7.1 7.0 7.0 7.2 7.2 7.2 7.1 7.3 7.1 6.9 7.2 7.2 7.2 7.0 7.0 7.1 7.2 6.9 7.0 7.0 6.8 7.0 7.0 7.0 7.0 6.9 6.9 6.8 6.9 6.7 6.9 6.8 6.0 5.8 5.1 5.6 5.2 6.6 6.6 4.4 5.0 5.0

=== JUNGBURP.BIN  5287501 bytes ===
magic at: [0]
last 64 bytes: d6 34 88 00 00 be aa 00 c3 d2 30 00 ff 8b 7f 00 da 04 ee 00 5a 08 88 00 f7 00 ff 00 bf 08 ee 00 af 08 ee 00 ff 14 ee 00 e9 be 06 00 c0 5d 11 00 e6 61 00 00 e6 82 00 00 94 b2 ff 00 7b ab 11 00
last 64 ascii: |.4........0.........Z........................]...a..........{...|
u32 tail: [8926422, 11189760, 3199683, 8358911, 15598810, 8915034, 16711927, 15599807, 15599791, 15602943, 442089, 1138112, 25062, 33510, 16757396, 1158011]
block entropy: 7.2 4.7 7.0 6.7 6.9 6.9 6.2 4.7 6.7 7.1 7.0 7.9 7.9 7.9 7.9 8.0 7.9 6.7 5.9 5.8 5.0 6.1 7.2 7.0 6.8 6.9 7.0 6.9 7.0 7.1 7.0 6.9 7.1 7.1 7.0 6.6 5.7 5.6 5.6 5.8 5.4 5.3 5.5 4.9 5.1 5.1 5.3 6.2 7.2 7.1 7.0 7.0 6.9 7.0 7.0 7.1 7.1 7.1 7.2 7.1 7.1 6.9 5.3 5.2 5.5 5.5 5.4 5.4 5.5 5.3 5.4 5.3 5.4 5.6 5.6 5.9 7.1 7.1 7.0 5.5 4.8

=== JUNGCRED.BIN  1693008 bytes ===
magic at: [0]
last 64 bytes: 00 3e 11 00 de c0 44 00 3e 38 00 00 61 b6 55 00 00 3b 00 00 10 00 00 00 00 84 00 00 7b 34 00 00 7b 38 00 00 29 00 00 00 6b 04 11 00 52 b2 55 00 08 00 00 00 00 00 00 00 6b 8a 88 00 42 19 10 00
last 64 ascii: |.>....D.>8..a.U..;..........{4..{8..)...k...R.U.........k...B...|
u32 tail: [1129984, 4505822, 14398, 5617249, 15104, 16, 33792, 13435, 14459, 41, 1115243, 5616210, 8, 0, 8948331, 1055042]
block entropy: 7.9 7.9 7.9 7.9 7.6 3.5 3.4 3.4 3.5 3.5 6.1 7.3 7.2 7.3 7.2 7.2 7.2 7.2 7.2 7.2 7.2 7.3 7.2 7.2 7.2 7.2

=== JUNGHIPP.BIN  10968504 bytes ===
magic at: [0]
last 64 bytes: 10 18 44 00 00 10 22 00 00 14 22 00 21 3c 88 00 5a 34 b4 00 52 20 88 00 4b 3e ea 00 35 2d 9a 00 58 24 8a 00 39 30 bb 00 77 73 dd 00 39 2c bb 00 84 34 cc 00 7b 8a ff 00 ff 80 80 00 00 ff ff 00
last 64 ascii: |..D..."...".!<..Z4..R ..K>..5-..X$..90..ws..9,...4..{...........|
u32 tail: [4462608, 2232320, 2233344, 8928289, 11809882, 8921170, 15351371, 10104117, 9053272, 12267577, 14513015, 12266553, 13382788, 16747131, 8421631, 16776960]
block entropy: 7.9 7.9 8.0 7.3 4.8 7.0 6.8 6.9 6.9 6.3 4.7 6.6 7.1 6.6 7.0 6.5 6.9 6.9 7.1 7.1 7.1 7.1 6.9 6.9 6.8 6.8 7.0 6.6 6.8 7.0 6.9 7.1 7.0 7.1 6.6 7.0 7.0 7.1 7.0 7.1 7.0 6.9 7.1 7.0 7.0 7.0 6.9 6.8 6.9 7.0 6.8 6.8 6.8 6.9 6.7 6.3 7.0 7.2 7.2 7.2 7.1 7.1 7.2 7.2 7.1 7.2 7.2 7.2 7.1 7.2 7.2 7.1 7.2 6.9 6.2 6.9 6.6 5.9 7.0 6.0 6.7 5.0 5.0 6.5 7.0 5.9 7.0 4.7 5.4 5.4 5.5 5.5 5.3 5.5 5.5 5.4 5.3 5.3 5.5 5.6 5.7 5.5 5.5 5.5 5.4 5.3 5.5 5.6 5.5 5.4 5.5 5.6 5.4 5.5 5.6 5.4 5.6 5.6 5.5 5.4 5.7 5.6 5.9 5.9 5.9 5.9 5.7 6.0 5.7 5.8 5.5 5.2 5.9 5.6 5.7 5.7 6.0 5.2 5.1 5.3 5.3 5.1 5.0 5.1 5.3 5.3 5.1 5.5 5.5 5.4 5.3 5.2 5.2 5.3 5.1 5.2 5.2 6.8 7.9 7.3 5.8 6.1 5.7 4.7 4.5 5.1 5.3 4.2

=== JUNGINT1.BIN  4577292 bytes ===
magic at: [0]
last 64 bytes: 7b 79 dd 00 ff ff aa 00 84 69 88 00 84 6d 88 00 7b eb 77 00 21 18 22 00 52 04 00 00 ff c3 02 00 ea b2 01 00 e7 e7 ee 00 10 10 ee 00 eb ed ee 00 65 10 22 00 ff f7 c7 00 f7 ee c4 00 00 c3 ff 00
last 64 ascii: |{y.......i...m..{.w.!.".R.......................e.".............|
u32 tail: [14514555, 11206655, 8939908, 8940932, 7859067, 2234401, 1106, 181247, 111338, 15656935, 15601680, 15658475, 2232421, 13105151, 12906231, 16761600]
block entropy: 7.5 7.9 7.9 7.9 7.9 7.9 7.9 6.1 6.0 5.7 5.9 5.7 5.7 5.7 5.7 5.8 5.8 5.3 5.6 5.7 5.7 5.7 5.7 5.7 5.7 5.6 5.7 5.8 5.9 7.3 7.3 7.3 7.2 7.2 7.2 7.2 7.3 7.3 7.3 7.3 7.3 5.8 5.7 5.9 5.8 5.8 5.7 5.7 5.7 5.7 5.7 5.6 5.6 5.5 5.0 4.8 5.4 5.6 5.6 5.8 5.8 5.9 6.0 6.0 6.1 6.3 6.3 6.3 6.5 6.3

=== JUNGINT2.BIN  2102007 bytes ===
magic at: [0]
last 64 bytes: 21 0b 00 00 7b 79 dd 00 e7 fb aa 00 9c fb aa 00 7b 10 11 00 00 c3 ff 00 42 61 cc 00 84 61 aa 00 39 38 88 00 21 08 33 00 ff e7 bf 00 5f 08 00 00 ff f7 c7 00 8d 6e b8 00 9c 7d cc 00 c5 f6 fe 00
last 64 ascii: |!...{y..........{.......Ba...a..98..!.3....._........n...}......|
u32 tail: [2849, 14514555, 11205607, 11205532, 1118331, 16761600, 13394242, 11166084, 8927289, 3344417, 12576767, 2143, 13105151, 12086925, 13401500, 16709317]
block entropy: 7.6 7.9 7.9 7.9 8.0 7.9 7.4 5.3 5.3 5.4 5.2 5.2 5.2 5.2 6.8 7.2 7.2 7.2 7.1 5.8 5.5 5.4 5.4 5.4 5.6 5.4 5.6 5.7 5.3 5.6 5.8 5.7 5.0

=== JUNGLE.BIN  1489238 bytes ===
magic at: [0]
last 64 bytes: 50 b6 dd 00 44 00 44 00 71 b3 dd 00 72 b1 ff 00 71 a6 ee 00 67 37 22 00 6d d1 ff 00 50 27 33 00 5e 34 10 00 00 28 4b 00 5e 4d 33 00 00 1d 47 00 00 46 8b 00 08 47 8f 00 6d 5b 22 00 68 57 10 00
last 64 ascii: |P...D.D.q...r...q...g7".m...P'3.^4...(K.^M3...G..F...G..m[".hW..|
u32 tail: [14530128, 4456516, 14529393, 16757106, 15640177, 2242407, 16765293, 3352400, 1061982, 4925440, 3362142, 4660480, 9127424, 9389832, 2251629, 1070952]
block entropy: 7.9 7.9 7.9 7.9 7.9 7.9 7.9 7.9 7.9 7.9 7.9 7.9 8.0 7.9 7.9 7.9 7.4 7.3 6.9 5.0 6.4 7.5 5.5

=== JUNGMAIN.BIN  7148491 bytes ===
magic at: [0]
last 64 bytes: ad f3 ee 00 d6 0c 22 00 48 38 dd 00 42 34 dd 00 ff cb 22 00 73 6d dd 00 9c 22 9c 00 66 8f f6 00 e0 0c 55 00 c0 0c 47 00 c1 17 77 00 b1 1c 88 00 bd 18 88 00 9c 7d cb 00 9b ef ee 00 77 eb dd 00
last 64 ascii: |......".H8..B4....".sm..."..f.....U...G...w..........}......w...|
u32 tail: [15659949, 2231510, 14497864, 14496834, 2280447, 14511475, 10232476, 16158566, 5573856, 4656320, 7804865, 8920241, 8919229, 13335964, 15658907, 14543735]
block entropy: 7.5 7.9 7.9 7.9 7.9 7.9 7.9 6.6 6.5 6.8 6.1 6.2 7.0 6.4 6.5 7.0 6.6 5.5 6.5 7.0 7.2 7.2 7.1 7.2 7.2 5.4 5.6 5.5 5.5 5.5 5.5 6.9 7.0 7.1 6.3 6.8 6.7 7.0 7.1 7.1 7.2 7.1 6.0 6.1 6.9 7.1 5.8 7.2 7.0 7.1 6.9 6.8 6.7 6.8 6.7 7.2 7.1 6.7 6.9 6.8 6.6 6.6 6.9 6.5 6.6 6.6 7.0 6.8 6.9 6.3 5.8 6.2 7.1 6.5 7.1 6.6 6.9 5.9 6.8 6.0 6.2 6.8 7.0 6.6 6.7 6.7 6.8 6.9 7.1 7.2 7.2 7.2 7.2 7.2 7.2 7.2 7.2 7.2 7.2 7.1 7.2 7.2 7.2 7.2 7.0 6.1 6.2 6.6 4.7 4.4

=== JUNGOPTS.BIN  839193 bytes ===
magic at: [0]
last 64 bytes: f6 23 11 00 ec b4 00 00 ef ba 00 00 ce 0c 11 00 e4 15 11 00 ff e7 bf 00 ff b3 97 00 ff 8b 7f 00 bf 71 61 00 b3 ae 8c 00 e5 79 66 00 af a7 88 00 de 75 66 00 ce 69 55 00 ff f7 c7 00 ed e7 cc 00
last 64 ascii: |.#...............................qa......yf......uf..iU.........|
u32 tail: [1123318, 46316, 47855, 1117390, 1119716, 12576767, 9942015, 8358911, 6386111, 9219763, 6715877, 8955823, 6714846, 5597646, 13105151, 13428717]
block entropy: 7.1 7.9 7.9 7.9 7.2 7.2 7.3 5.7 5.9 5.7 5.6 6.0 6.0

=== JUNGPINB.BIN  5246709 bytes ===
magic at: [0]
last 64 bytes: 18 48 d9 00 21 30 c9 00 1d 2c bb 00 4a 4d aa 00 73 6d dd 00 18 30 99 00 18 24 8d 00 65 46 00 00 53 2d 00 00 1e 1a 15 00 20 29 1e 00 17 0f 15 00 27 1e 00 00 16 09 00 00 1a 12 00 00 08 08 00 00
last 64 ascii: |.H..!0...,..JM..sm...0...$..eF..S-...... )......'...............|
u32 tail: [14239768, 13185057, 12266525, 11160906, 14511475, 10039320, 9249816, 18021, 11603, 1382942, 1976608, 1380119, 7719, 2326, 4634, 2056]
block entropy: 7.9 7.9 7.9 7.9 7.9 7.9 7.7 7.2 5.6 7.0 6.8 6.9 6.9 5.5 4.8 6.9 7.0 5.0 4.5 6.4 7.1 7.1 7.2 6.9 7.1 6.9 7.2 7.2 7.1 6.8 7.1 7.1 7.1 7.0 5.9 6.0 5.6 6.4 6.4 6.8 7.0 5.7 6.0 5.7 5.8 5.5 5.5 5.6 5.8 6.7 7.0 7.2 7.0 6.9 7.1 7.1 7.0 6.9 6.1 7.0 7.2 7.0 7.1 7.1 5.5 6.4 6.5 6.4 5.1 5.7 5.7 6.0 5.7 5.9 5.8 5.9 5.9 5.7 4.6 4.8 5.2

=== JUNGPRTY.BIN  5620186 bytes ===
magic at: [0]
last 64 bytes: ff 8b 7f 00 c2 0c 17 00 94 08 1f 00 ec 10 11 00 a7 0f 02 00 e4 0c 55 00 34 29 a3 00 2c 24 8d 00 42 30 c1 00 49 38 dd 00 29 20 88 00 39 2c bb 00 42 34 cc 00 00 3c bb 00 4a 3d ed 00 7b 8a ff 00
last 64 ascii: |......................U.4)..,$..B0..I8..) ..9,..B4...<..J=..{...|
u32 tail: [8358911, 1510594, 2033812, 1118444, 135079, 5573860, 10692916, 9249836, 12660802, 14497865, 8921129, 12266553, 13382722, 12270592, 15547722, 16747131]
block entropy: 7.5 7.9 7.9 7.9 7.9 7.9 7.9 6.4 5.5 6.0 5.6 5.8 5.5 6.0 5.6 5.8 5.7 5.7 5.5 5.3 5.3 5.7 5.4 5.5 5.4 5.5 7.2 7.2 7.3 7.3 6.9 7.1 7.1 7.1 7.1 7.2 7.2 7.2 7.3 7.1 7.2 7.2 7.2 7.1 7.2 7.1 7.2 7.2 5.4 5.5 5.3 5.4 5.3 5.5 5.5 5.7 5.4 6.0 5.7 5.4 5.3 5.7 5.6 5.7 5.6 5.9 5.6 5.6 5.9 5.8 5.8 5.8 5.9 5.8 5.9 6.0 5.8 6.0 5.9 5.9 5.9 6.0 5.8 6.1 5.7 4.8

=== JUNGSCOR.BIN  2256717 bytes ===
magic at: [0]
last 64 bytes: bb 93 ae 00 f9 de bb 00 fd ef cc 00 ff f3 cc 00 f8 69 21 00 d6 a4 c4 00 f7 be dd 00 d3 b0 8c 00 e7 b1 d5 00 f1 b8 dd 00 f5 a6 55 00 fe c6 ee 00 ff b3 97 00 ff 8b 7f 00 ef a5 88 00 e7 ac 77 00
last 64 ascii: |.................i!.......................U...................w.|
u32 tail: [11441083, 12312313, 13430781, 13431807, 2189816, 12887254, 14532343, 9220307, 14004711, 14530801, 5613301, 15648510, 9942015, 8358911, 8955375, 7843047]
block entropy: 7.5 7.9 7.9 7.9 6.9 7.2 7.2 6.1 5.8 6.2 6.4 6.4 5.9 5.7 7.0 6.8 6.9 6.9 6.6 5.6 5.7 6.4 6.7 5.7 5.7 5.7 6.7 6.2 6.9 6.7 5.7 7.0 6.7 7.0 4.6

=== JUNGSHOT.BIN  9342531 bytes ===
magic at: [0]
last 64 bytes: e5 38 98 00 d2 33 88 00 c3 33 88 00 aa 09 22 00 f5 58 00 00 d8 4d 00 00 e9 51 00 00 c1 0b 1e 00 ec 0f 16 00 eb b0 00 00 e8 38 1f 00 ef ba 00 00 9f 09 11 00 f7 d8 00 00 e8 43 00 00 f7 31 00 00
last 64 ascii: |.8...3...3...."..X...M...Q...............8...............C...1..|
u32 tail: [9976037, 8926162, 8926147, 2230698, 22773, 19928, 20969, 1969089, 1445868, 45291, 2046184, 47855, 1116575, 55543, 17384, 12791]
block entropy: 7.2 4.7 7.0 6.7 6.9 6.9 6.2 4.7 6.7 7.1 7.1 7.9 7.9 7.9 7.9 7.9 7.6 5.8 5.8 6.2 5.7 5.0 5.1 5.2 5.6 5.5 5.2 5.4 5.5 5.2 5.7 5.7 5.7 5.6 5.6 5.7 7.0 7.1 7.1 7.0 7.1 7.2 7.1 7.2 7.0 7.1 7.0 7.0 7.1 7.1 7.1 7.1 7.2 7.1 7.2 5.8 5.8 5.8 5.8 5.8 5.8 7.1 7.1 7.0 5.9 7.0 7.0 6.9 7.0 7.1 7.2 7.1 6.1 6.0 6.1 5.3 5.8 5.9 5.2 5.3 6.6 6.5 6.7 7.0 6.0 6.0 5.7 5.6 5.4 5.3 5.4 5.4 5.9 5.6 5.3 5.7 5.8 5.9 6.7 5.7 5.3 5.4 5.5 5.8 5.6 6.0 5.9 5.6 5.6 6.0 6.3 6.1 5.7 5.8 6.0 6.0 5.9 5.8 5.7 6.0 5.7 5.6 6.0 5.9 6.1 6.1 5.8 5.1 6.3 7.0 7.0 6.9 7.0 7.1 6.9 7.0 7.1 7.0 6.9 6.9 5.2 4.8 4.6

